camera_matrix:
- [2.849404075493407618e+02, 0.0, 2.975518331072100295e+02]
- [0.0, 2.845162413647277617e+02, 2.318781327604966407e+02]
- [0.0, 0.0, 1.0]
distortion_coefficients:
- [-3.004893102002433314e-01, 8.494032017366040521e-02, -3.578091575507196843e-03, -2.086142443222620529e-03,
  -1.018539748377490090e-02]
