camera_matrix:
- [0.47e+02, 0.0, 0.7e+02]
- [0.0, 0.930e+02, 0.480e+02]
- [0.0, 0.0, 1.0]
distortion_coefficients:
- [-3.0048e-01, 8.4940e-02, -3.5780e-03, -2.08614e-03, -1.0185e-02]
